-4.9751860 -9.7105687 46.7050038
0.0000000 -9.8076744 47.2128702
-4.9751860 -4.8067315 47.7207365

-4.9751860 -9.7105687 46.7050038
4.9751860 -9.9047800 47.7207365
-4.9751860 0.0971057 48.7364693

14.9255579 -10.0989914 48.7364693
24.8759298 -10.2932028 49.7522020
14.9255579 -0.2913171 50.7679347

14.9255579 -10.0989914 48.7364693
14.9255579 -0.2913171 50.7679347
4.9751860 -9.9047800 47.7207365

14.9255579 -10.0989914 48.7364693
14.9255579 9.5163573 52.7994002
-4.9751860 -9.7105687 46.7050038

14.9255579 -10.0989914 48.7364693
24.8759298 -10.2932028 49.7522020
14.9255579 -0.2913171 50.7679347

14.9255579 -10.0989914 48.7364693
15.9205950 -8.1568777 38.5791420
14.9255579 -0.2913171 50.7679347

14.9255579 -10.0989914 48.7364693
24.8759298 -10.2932028 49.7522020
14.9255579 -0.2913171 50.7679347

-4.9751860 -9.7105687 46.7050038
-0.0504003 -9.8657500 47.5896394
-4.8743854 0.2132570 47.9829308

-4.9751860 -9.7105687 46.7050038
2.7379866 -6.7583819 52.5735432
-5.9229930 -4.9492345 45.4597774

-4.9751860 -9.7105687 46.7050038
6.5638051 -7.4250664 56.3923239
-6.7879112 5.1141960 45.2551725

-4.9751860 -9.7105687 46.7050038
-2.3044141 -13.3107411 44.3997104
-1.9339477 -6.2543281 44.6746725

